K = 1;
Q = 10;
nV = 5;
d = [
[0, 13.3, 14.9, 4.6, 3.5, 7.3, 0],
[13.3, 0, 10, 10.8, 3.5, 12, 10.6],
[14.9, 10, 0, 19.6, 4, 7.8, 4.5],
[4.6, 10.8, 19.6, 0, 19.8, 4.8, 5.2],
[3.5, 3.5, 4, 19.8, 0, 8.1, 11.8],
[7.3, 12, 7.8, 4.8, 8.1, 0, 12],
[0, 13.3, 14.9, 4.6, 3.5, 7.3, 0]
];
t = [
[0, 14.9, 13.5, 17.7, 16, 11.1, 0],
[14.9, 0, 17.1, 19.8, 11.8, 15.4, 19.6],
[13.5, 17.1, 0, 16.5, 16.5, 10.9, 18],
[17.7, 19.8, 16.5, 0, 15.4, 14.5, 16.1],
[16, 11.8, 16.5, 15.4, 0, 13.1, 14.3],
[11.1, 15.4, 10.9, 14.5, 13.1, 0, 15.7],
[0, 14.9, 13.5, 17.7, 16, 11.1, 0]
];
g = [0, 306.4, 408.1, 306.4, 308.2, 306.8, 0];
q = [0, 1.4, 1.2, 1.1, 2.7, 2.1, 0];
s = [0, 56.4, 61.6, 58, 67, 63.2, 0];
a = [0, 54.4, 59.6, 56, 65, 61.2, 0];
b = [100000, 58.4, 63.6, 60, 69, 65.2, 100000];
mR = 5;
mK = 1;
alpha = 1;
tmax = 1000;
beta = 0.2;
M = 10000;
