nLP = 2;
nCTM = 1;
nCT = 5;
c = [
[1E+08, 191.7, 122.3, 192.9, 117.5, 126, 147.2, 191.7, 0],
[191.7, 1E+08, 163.5, 188.7, 106.9, 152.6, 117.4, 0, 191.7],
[122.3, 163.5, 1E+08, 160.7, 184.9, 102, 126.1, 163.5, 122.3],
[192.9, 188.7, 160.7, 1E+08, 148, 114.1, 175.7, 188.7, 192.9],
[117.5, 106.9, 184.9, 148, 1E+08, 108.5, 132.9, 106.9, 117.5],
[126, 152.6, 102, 114.1, 108.5, 1E+08, 183.9, 152.6, 126],
[147.2, 117.4, 126.1, 175.7, 132.9, 183.9, 1E+08, 117.4, 147.2],
[191.7, 0, 163.5, 188.7, 106.9, 152.6, 117.4, 1E+08, 191.7],
[0, 191.7, 122.3, 192.9, 117.5, 126, 147.2, 191.7, 1E+08]
];
t = [
[1E+08, 20.6, 38.9, 45.9, 53.3, 56.6, 43.4, 20.6, 0],
[20.6, 1E+08, 33.6, 56.9, 39.2, 51, 41.8, 0, 20.6],
[38.9, 33.6, 1E+08, 43.9, 53, 45.8, 48.7, 33.6, 38.9],
[45.9, 56.9, 43.9, 1E+08, 21.1, 27.8, 33.2, 56.9, 45.9],
[53.3, 39.2, 53, 21.1, 1E+08, 45.8, 46, 39.2, 53.3],
[56.6, 51, 45.8, 27.8, 45.8, 1E+08, 37, 51, 56.6],
[43.4, 41.8, 48.7, 33.2, 46, 37, 1E+08, 41.8, 43.4],
[20.6, 0, 33.6, 56.9, 39.2, 51, 41.8, 1E+08, 20.6],
[0, 20.6, 38.9, 45.9, 53.3, 56.6, 43.4, 20.6, 1E+08]
];
q = 10;
tc = [30];
d = [0, 0, 10, 10, 10, 10, 10, 0, 0];
p = [0, 0, 5523.6, 5527.6, 5520.9, 5531.3, 5532.5, 0, 0];
a = [0, 0, 979.7, 553.5, 480.7, 1108.3, 641.2, 0, 0];
b = [1455, 1455, 994.7, 568.5, 495.7, 1123.3, 656.2, 1455, 1455];
sd = [2];
cfr = [0, 0, 2, 2, 2, 2, 2, 0, 0];
M = 2000;
MjobShop = 2000;
